
metro_counties <- list(
  cape_girardeau = c("29031", "29017", "17003"),
  cape_girardeau_il = "17003",
  columbia = c("29019", "29007", "29175", "29053", "29089"),
  jeff_city = c("29051", "29027", "29135", "29151"),
  joplin = c("29097", "29145", "40115"),
  joplin_ok = "40115",
  kansas_city = c("20091", "20103", "20107", "20121", "20209",
                  "29013", "29025", "29037", "29047", "29049", 
                  "29095", "29107", "29165", "29177", "29511"),
  kansas_city_ks = c("20091", "20103", "20107", "20121", "20209"),
  springfield = c("29077", "29043", "29225", "29167", "29225"),
  st_joseph = c("29003", "29021", "29063", "20043"),
  st_joseph_ks = "20043",
  st_louis = c("17005", "17013", "17027", "17083", "17117", 
               "17119", "17133", "17163", "29071", "29099", 
               "29113", "29183", "29189", "29219", "29510"),
  st_louis_il = c("17005", "17013", "17027", "17083", "17117", 
                  "17119", "17133", "17163")
)

metros_geoid <- c("16020", "17860", "27620", "27900", "28140", "44180", "41140", "41180")